1000 1000
339 481
101 689
457 464
776 855
577 807
319 521
239 650
578 781
540 916
644 726
481 839
653 793
279 314
605 655
162 732
95 395
19 903
307 394
753 889
853 967
179 245
8 921
908 912
240 642
166 940
239 924
563 765
461 708
56 403
513 517
92 771
337 422
136 441
336 466
228 515
127 710
323 923
33 703
326 538
301 365
49 400
207 321
249 336
376 804
603 657
219 295
428 576
592 657
56 933
65 246
489 830
412 717
606 857
141 888
569 920
141 659
624 865
218 604
94 169
11 629
467 680
110 662
24 986
615 905
468 743
302 832
731 955
155 670
75 421
409 675
663 820
70 553
287 987
280 283
312 504
254 383
189 424
79 540
811 965
358 858
223 813
193 296
393 596
80 99
398 674
58 108
234 441
285 397
148 657
680 765
663 694
20 746
14 675
121 649
175 629
528 658
2 292
270 610
432 681
222 960
21 589
351 711
386 839
179 864
54 613
624 887
8 893
27 479
231 794
585 914
220 892
356 398
85 847
182 371
131 298
668 939
187 486
467 522
546 815
348 830
253 431
229 986
516 890
459 783
410 881
197 270
120 661
117 912
579 857
163 650
529 609
355 582
159 280
682 711
765 965
93 981
327 730
359 799
222 308
532 870
86 951
561 677
423 963
226 455
434 722
119 728
70 961
129 369
161 590
578 851
449 737
466 808
256 809
563 579
2 17
61 103
22 898
848 986
859 995
73 562
184 924
497 917
127 551
581 898
920 992
235 898
363 437
153 289
59 529
136 147
708 718
327 352
159 396
406 883
291 942
339 991
508 531
124 258
104 289
243 447
277 360
153 154
593 764
321 552
902 952
112 796
587 949
136 924
113 630
86 914
329 681
323 988
224 726
462 527
280 645
37 82
17 918
84 352
304 364
840 851
142 531
4 588
180 823
611 762
178 624
205 349
123 926
13 566
50 475
980 992
455 780
257 270
709 934
897 994
811 963
323 471
70 816
162 801
335 445
42 983
239 319
134 172
132 867
321 565
472 963
423 921
569 648
213 730
130 296
592 897
114 342
52 129
194 698
395 877
554 632
798 831
372 741
779 979
108 811
314 870
109 111
123 683
483 837
137 200
890 932
811 940
199 669
101 771
38 581
359 905
286 417
859 944
626 751
544 950
847 997
287 629
624 979
583 798
153 418
205 465
400 951
361 614
60 595
22 501
201 580
568 782
39 581
622 762
340 509
756 991
182 737
125 441
408 811
582 936
719 923
126 805
149 160
218 659
141 296
405 751
843 995
70 114
647 940
147 864
317 409
690 883
422 849
599 872
8 297
753 930
474 621
100 142
771 975
660 748
6 98
213 855
450 758
13 668
972 983
509 853
359 518
35 924
154 396
350 936
371 730
227 856
32 519
159 987
553 779
677 922
455 482
193 863
934 974
261 360
487 950
593 681
481 601
924 960
108 374
123 902
604 699
44 618
516 586
539 588
276 525
695 966
66 386
453 795
396 688
167 865
373 686
280 495
255 420
478 977
49 553
113 327
283 402
183 562
16 156
369 423
398 468
174 989
638 724
112 358
452 695
252 670
23 280
554 572
467 842
45 48
664 880
94 578
904 950
15 443
924 928
202 687
452 969
30 175
36 493
392 695
295 842
857 865
300 957
101 482
147 360
206 913
170 173
633 739
23 828
136 180
909 930
446 513
250 727
748 833
107 391
628 651
739 775
130 393
573 953
55 362
384 956
466 836
259 961
183 804
231 615
244 634
360 598
723 934
30 970
160 680
228 973
601 679
182 677
153 888
265 702
215 216
21 598
29 611
44 334
178 334
38 687
520 928
207 379
32 765
571 921
598 749
452 793
359 602
843 962
5 909
77 934
185 458
615 698
193 709
310 727
90 306
705 848
51 625
257 721
145 678
473 614
221 646
30 273
345 950
84 677
61 535
349 822
7 326
424 596
286 882
908 965
157 261
143 753
169 891
693 986
141 155
121 195
166 346
134 879
307 950
162 205
232 520
76 263
137 795
131 635
93 343
395 663
340 727
39 372
153 492
161 743
396 646
352 710
339 502
166 202
350 777
69 260
359 615
409 445
90 719
42 243
694 986
140 320
195 503
201 434
166 952
20 907
758 845
91 540
6 752
26 819
584 827
73 751
657 960
295 962
4 917
269 406
553 741
259 380
285 908
270 389
463 942
561 681
324 616
577 796
196 696
181 707
316 523
447 705
470 819
111 252
106 137
58 911
266 284
613 984
15 522
444 708
39 879
58 502
3 566
569 977
606 963
100 337
149 867
365 909
397 978
298 352
439 477
372 814
580 852
222 442
721 940
353 553
749 791
659 736
644 836
244 646
32 229
177 983
671 710
303 552
216 822
173 851
122 778
3 22
220 554
188 998
527 854
475 762
235 673
955 981
140 283
346 379
585 661
344 598
455 960
549 967
498 656
188 616
278 909
153 747
245 970
4 386
72 404
61 264
762 958
56 167
109 170
185 537
343 355
559 635
298 603
468 853
67 200
189 287
108 955
257 818
95 518
630 951
606 832
516 929
318 694
599 945
165 186
361 637
124 154
190 755
456 627
467 902
379 551
246 952
796 821
196 277
1 986
230 428
733 801
61 906
283 830
513 905
558 638
818 854
228 912
139 178
180 454
16 840
486 789
110 111
208 543
54 723
301 353
291 797
313 983
407 761
44 291
193 810
737 883
210 323
130 489
20 339
319 486
641 775
623 650
664 926
414 504
172 714
307 530
101 434
201 796
582 707
638 797
674 979
544 851
178 385
161 314
5 48
550 931
40 442
310 931
88 339
352 519
175 734
473 818
719 959
547 615
122 871
652 808
16 341
526 830
464 617
529 746
9 73
53 637
358 855
558 880
639 716
378 922
69 96
297 616
160 879
14 407
281 760
483 486
724 939
222 692
274 968
160 479
316 894
760 880
278 602
831 931
7 395
158 555
40 154
269 642
336 961
522 999
703 983
726 896
475 747
554 622
226 677
634 740
328 477
459 897
382 924
315 605
326 880
334 655
391 1000
466 765
708 945
10 167
395 494
176 465
223 549
115 458
735 828
113 525
25 641
23 860
519 938
58 73
23 204
640 828
691 910
398 657
631 856
64 897
802 863
80 356
201 741
635 844
31 729
751 808
258 628
103 327
124 548
270 364
433 718
131 407
497 919
44 110
103 345
127 135
217 465
884 919
115 835
454 548
19 867
623 716
707 886
445 737
26 497
301 711
106 197
12 855
661 846
547 870
656 786
124 260
225 599
804 931
588 889
699 747
214 818
285 869
700 730
558 726
784 800
192 925
360 652
71 397
410 720
518 946
201 354
47 259
319 718
684 987
443 543
119 711
173 264
48 669
366 817
245 945
36 295
567 816
99 998
810 821
209 223
475 849
79 760
135 246
70 135
356 879
353 990
24 186
36 160
776 962
417 773
379 908
269 609
228 995
339 417
422 470
849 915
13 33
390 508
69 184
604 617
487 935
67 498
491 807
315 343
64 999
535 612
49 53
73 837
489 892
811 915
5 275
284 639
456 467
195 283
186 463
482 852
80 552
69 979
49 583
552 956
91 747
458 522
859 964
437 737
205 687
218 540
41 755
104 802
97 488
394 613
18 869
116 358
123 406
408 795
287 923
603 714
124 618
15 46
364 450
278 685
174 884
149 809
95 173
136 619
158 467
676 969
595 895
362 791
280 511
15 567
237 778
113 343
629 744
37 204
29 767
234 471
125 335
92 158
63 360
124 995
174 587
462 734
623 840
396 807
400 768
173 222
80 421
105 353
291 632
660 853
48 874
80 430
178 584
173 478
338 811
12 143
587 612
266 288
148 970
216 458
273 345
795 897
578 801
479 688
294 395
52 880
124 231
554 700
268 504
588 622
796 889
785 898
240 680
260 509
33 467
547 697
126 676
333 597
761 769
167 723
369 919
417 578
389 925
21 111
742 774
339 649
90 619
454 496
742 783
756 956
363 387
46 689
916 926
162 464
645 859
23 556
314 601
524 560
42 655
213 555
467 700
337 999
58 919
17 262
141 935
409 704
139 843
264 776
665 782
665 791
108 218
187 511
150 611
859 931
426 793
44 880
300 815
243 671
362 381
901 915
476 888
224 923
401 894
157 753
483 527
810 931
437 807
412 494
101 205
577 790
410 951
206 407
14 722
421 808
2 339
45 975
613 740
129 956
726 946
54 624
370 762
96 797
410 807
93 862
99 802
930 959
306 597
304 435
675 827
156 271
720 740
344 718
370 865
165 356
441 916
27 791
693 750
218 340
451 728
3 34
103 548
237 637
503 509
285 686
422 948
372 929
163 935
414 944
345 835
231 724
5 897
39 383
307 790
117 559
764 904
727 775
60 433
80 927
100 515
562 689
626 692
71 290
3 573
398 846
95 409
573 936
227 299
70 343
289 759
486 559
611 828
254 420
564 753
249 979
630 927
425 567
261 953
489 997
262 787
379 945
14 685
240 521
797 942
233 900
97 701
283 739
95 539
154 198
75 143
361 658
196 460
