1000 1000
129 946
559 759
238 862
386 849
174 670
149 357
376 674
234 581
150 987
29 203
297 768
444 701
238 453
59 976
72 155
918 975
7 282
761 893
365 893
316 372
527 546
806 901
267 614
838 942
167 258
253 459
553 711
204 832
62 501
786 922
134 615
529 610
424 844
33 294
508 825
493 962
133 152
20 95
163 907
259 377
23 91
485 967
254 936
438 617
173 206
139 958
756 765
16 488
66 745
487 729
152 516
255 770
317 574
453 507
669 787
432 960
410 545
93 600
301 477
534 837
56 798
145 885
119 985
677 993
358 602
312 733
861 975
406 422
319 363
757 845
105 678
575 716
142 349
385 735
279 574
566 667
272 306
684 888
42 518
40 975
248 586
198 338
253 939
352 396
118 238
570 791
553 980
151 671
495 719
90 661
250 650
66 322
126 336
312 463
362 720
211 569
34 784
57 758
353 491
70 975
760 766
925 982
503 844
112 721
5 985
601 858
267 604
154 547
127 700
358 453
109 661
322 805
526 693
62 311
457 584
878 995
602 850
320 606
383 406
10 947
156 336
461 554
822 862
71 823
25 289
818 968
367 794
361 872
379 768
445 475
656 915
338 776
704 726
169 967
434 722
301 458
399 755
318 538
776 858
213 610
165 295
171 604
61 67
680 899
284 899
293 880
113 114
416 551
390 651
366 443
490 738
791 995
73 715
397 556
175 354
112 554
580 659
101 804
184 430
951 971
503 704
580 915
7 388
100 854
209 343
377 964
76 896
306 922
426 448
623 638
843 907
16 46
42 611
192 955
714 753
773 848
56 109
252 987
635 716
355 442
822 960
515 534
38 506
474 789
755 888
188 432
260 927
821 833
44 656
565 916
23 206
701 935
23 215
530 815
201 249
403 603
355 563
197 516
239 998
330 875
233 466
200 945
281 842
801 896
45 86
236 709
377 559
352 911
559 972
508 661
104 419
15 728
308 325
217 732
165 932
472 842
229 953
623 745
604 741
750 795
203 406
341 358
171 621
290 950
549 634
224 447
198 974
211 904
204 389
158 520
88 443
763 999
16 445
86 909
207 552
221 298
363 400
59 901
50 178
14 246
33 116
352 897
176 183
133 877
861 923
575 655
186 852
45 108
76 742
40 240
701 898
189 201
330 753
441 602
1 806
539 616
402 601
487 834
825 951
616 957
248 799
470 503
184 671
810 944
334 597
64 736
487 937
468 695
513 846
508 651
351 933
579 940
301 447
106 589
633 920
4 807
15 965
21 896
313 668
295 870
750 767
81 919
450 902
544 680
116 657
200 400
276 368
651 672
143 494
272 514
26 345
128 213
617 679
309 801
68 598
31 698
197 721
673 830
21 96
581 842
409 986
29 347
268 354
409 995
54 291
133 584
354 970
415 562
560 657
132 448
335 709
142 907
261 342
543 833
117 743
482 737
365 817
451 768
358 540
288 970
16 282
140 717
566 569
219 781
831 998
108 136
422 561
190 565
128 343
303 860
618 872
15 722
300 544
153 534
7 309
164 930
713 871
407 926
208 726
653 829
143 251
714 854
540 552
238 745
373 951
106 458
105 490
3 204
276 866
564 775
132 852
88 437
31 293
133 161
672 973
640 913
674 915
158 343
10 746
43 932
295 995
41 999
32 276
363 394
35 928
146 378
466 477
353 847
195 648
131 227
175 688
238 637
421 820
195 904
41 846
683 749
163 314
238 466
217 532
291 481
293 652
445 539
98 980
198 262
440 442
104 493
409 711
152 313
9 530
251 283
45 187
581 585
699 958
736 867
182 439
592 850
450 757
55 874
789 888
223 876
196 859
227 599
251 566
538 888
23 522
447 450
143 358
61 405
77 660
744 965
28 893
229 654
244 517
45 317
676 687
21 863
278 906
425 449
120 329
634 968
297 300
776 881
297 556
510 938
714 826
257 730
97 601
147 440
244 400
538 618
323 702
509 829
184 880
253 961
261 318
57 668
346 780
37 43
363 860
636 780
172 487
155 858
288 555
713 829
385 896
430 886
316 546
266 954
365 649
365 420
444 713
544 889
195 256
120 827
438 508
89 592
35 383
72 432
168 229
375 717
155 296
145 929
229 999
397 574
451 694
963 985
325 716
27 784
18 577
146 583
320 381
151 423
303 975
167 297
253 727
204 435
295 315
497 926
882 898
651 993
166 826
466 700
157 768
379 979
369 529
314 831
730 895
593 679
201 402
443 591
978 987
101 296
433 806
608 658
247 298
134 330
122 895
201 420
208 288
569 806
422 644
50 107
445 618
174 313
79 579
424 833
102 791
405 838
360 659
220 774
625 850
63 827
103 127
47 226
281 649
686 716
338 802
92 481
222 581
157 372
563 740
346 891
239 917
247 787
433 639
161 607
362 597
749 777
298 841
28 837
372 418
196 412
192 469
292 794
148 682
272 825
537 732
5 871
548 890
302 331
63 422
467 673
210 602
260 432
408 605
193 689
343 732
293 865
348 572
145 222
743 931
250 513
272 699
212 797
439 687
731 975
36 562
351 992
645 935
689 740
107 860
413 823
35 206
233 874
39 743
275 462
500 800
443 931
67 433
129 655
30 356
176 587
288 917
64 507
466 676
126 729
163 904
286 956
191 984
546 934
290 590
101 416
78 945
454 549
33 803
386 832
200 553
644 700
380 529
476 991
471 885
716 963
62 210
760 997
664 791
200 836
457 968
166 267
38 774
814 995
209 247
11 482
85 202
91 511
313 951
558 889
675 818
436 545
601 878
386 953
352 393
562 779
101 155
279 845
413 418
4 726
329 684
155 797
954 983
807 973
233 707
777 969
244 478
109 510
40 828
90 667
451 795
142 952
542 913
161 309
136 801
622 802
202 746
663 812
123 700
227 272
28 539
162 301
404 579
175 994
78 814
245 564
159 659
186 914
680 739
243 472
445 616
140 874
421 506
224 477
501 535
486 635
75 772
14 905
108 531
450 560
45 493
320 859
50 181
445 454
75 125
672 1000
197 361
35 726
175 459
208 883
515 945
154 912
29 423
207 829
345 641
79 491
164 440
882 967
817 847
487 554
577 609
28 49
636 844
161 542
708 949
331 953
57 997
406 647
292 900
224 845
220 893
343 555
98 113
433 848
379 877
13 173
202 350
294 424
53 874
662 829
118 607
391 869
17 161
20 962
199 299
359 773
51 293
43 954
616 825
715 947
685 943
243 988
602 936
296 991
337 525
132 910
193 651
447 495
619 750
546 775
176 675
485 616
662 977
969 976
309 719
823 931
737 751
290 440
167 635
97 799
524 625
125 727
776 935
260 515
35 177
201 237
384 996
308 601
272 526
529 569
426 822
511 771
382 797
470 492
212 633
46 183
242 485
431 671
176 558
49 606
412 676
236 679
252 934
343 662
23 971
414 713
204 238
485 764
628 794
297 951
522 822
14 504
466 503
81 414
303 625
396 435
78 534
275 801
313 666
14 113
636 654
459 491
36 766
452 833
254 369
501 893
38 992
256 778
13 154
725 848
203 632
332 944
536 603
471 721
195 548
59 624
142 640
519 788
243 466
288 456
11 318
367 520
637 762
131 145
740 994
484 916
34 469
227 607
77 839
455 889
3 463
133 591
368 503
20 314
932 935
312 840
740 765
117 741
164 825
39 803
118 956
553 795
182 968
682 778
325 797
10 367
791 932
186 193
58 273
104 667
391 989
300 551
302 633
37 348
590 789
315 432
950 952
45 617
156 713
249 752
457 790
672 953
900 960
498 562
325 918
311 318
243 690
648 766
46 429
684 936
551 672
352 624
426 659
384 842
399 705
550 874
118 295
71 220
286 535
129 957
79 233
263 808
677 942
811 905
123 239
32 130
322 732
498 701
218 894
213 834
110 961
381 799
132 342
399 835
58 780
75 711
168 673
413 599
365 940
29 762
191 922
375 981
220 958
42 552
373 544
247 832
490 562
389 507
209 976
618 995
346 545
341 439
354 558
739 885
553 767
272 367
309 416
406 986
516 956
191 769
288 302
150 499
360 470
436 865
685 941
503 775
245 916
61 668
208 449
278 913
527 714
48 469
292 857
21 461
585 930
62 233
277 975
80 537
284 462
601 645
243 433
398 694
740 961
438 776
411 822
181 845
710 817
296 692
27 796
849 895
124 585
151 700
266 687
580 734
60 838
26 31
56 319
165 235
223 307
80 258
748 803
184 999
534 870
185 298
308 814
191 894
54 251
47 593
207 493
521 540
411 808
208 974
533 743
338 684
293 496
508 997
95 917
173 598
54 498
244 878
562 797
284 969
405 612
695 841
347 500
466 689
205 267
842 869
8 396
439 610
205 532
8 643
638 819
627 679
359 837
772 917
86 989
186 838
48 706
194 522
72 398
113 961
856 907
27 921
264 995
6 709
59 334
713 858
402 807
196 977
565 932
175 518
749 762
808 848
504 684
569 813
98 581
199 484
246 843
317 467
944 974
338 926
732 956
90 833
10 724
539 934
354 781
466 684
535 564
233 253
694 700
94 156
167 564
820 934
